3500 12000 57500
rectangle +x 1750.0 -5700.0 -28175.0 1000 120
rectangle +x 1750.0 -5100.0 -28175.0 1000 120
rectangle +x 1750.0 -4500.0 -28175.0 1000 120
rectangle +x 1750.0 -3900.0 -28175.0 1000 120
rectangle +x 1750.0 -3300.0 -28175.0 1000 120
rectangle +x 1750.0 -2700.0 -28175.0 1000 120
rectangle +x 1750.0 -2100.0 -28175.0 1000 120
rectangle +x 1750.0 -1500.0 -28175.0 1000 120
rectangle +x 1750.0 -900.0 -28175.0 1000 120
rectangle +x 1750.0 -300.0 -28175.0 1000 120
rectangle +x 1750.0 300.0 -28175.0 1000 120
rectangle +x 1750.0 900.0 -28175.0 1000 120
rectangle +x 1750.0 1500.0 -28175.0 1000 120
rectangle +x 1750.0 2100.0 -28175.0 1000 120
rectangle +x 1750.0 2700.0 -28175.0 1000 120
rectangle +x 1750.0 3300.0 -28175.0 1000 120
rectangle +x 1750.0 3900.0 -28175.0 1000 120
rectangle +x 1750.0 4500.0 -28175.0 1000 120
rectangle +x 1750.0 5100.0 -28175.0 1000 120
rectangle +x 1750.0 5700.0 -28175.0 1000 120
rectangle +x 1750.0 -5700.0 -27025.0 1000 120
rectangle +x 1750.0 -5100.0 -27025.0 1000 120
rectangle +x 1750.0 -4500.0 -27025.0 1000 120
rectangle +x 1750.0 -3900.0 -27025.0 1000 120
rectangle +x 1750.0 -3300.0 -27025.0 1000 120
rectangle +x 1750.0 -2700.0 -27025.0 1000 120
rectangle +x 1750.0 -2100.0 -27025.0 1000 120
rectangle +x 1750.0 -1500.0 -27025.0 1000 120
rectangle +x 1750.0 -900.0 -27025.0 1000 120
rectangle +x 1750.0 -300.0 -27025.0 1000 120
rectangle +x 1750.0 300.0 -27025.0 1000 120
rectangle +x 1750.0 900.0 -27025.0 1000 120
rectangle +x 1750.0 1500.0 -27025.0 1000 120
rectangle +x 1750.0 2100.0 -27025.0 1000 120
rectangle +x 1750.0 2700.0 -27025.0 1000 120
rectangle +x 1750.0 3300.0 -27025.0 1000 120
rectangle +x 1750.0 3900.0 -27025.0 1000 120
rectangle +x 1750.0 4500.0 -27025.0 1000 120
rectangle +x 1750.0 5100.0 -27025.0 1000 120
rectangle +x 1750.0 5700.0 -27025.0 1000 120
rectangle +x 1750.0 -5700.0 -25875.0 1000 120
rectangle +x 1750.0 -5100.0 -25875.0 1000 120
rectangle +x 1750.0 -4500.0 -25875.0 1000 120
rectangle +x 1750.0 -3900.0 -25875.0 1000 120
rectangle +x 1750.0 -3300.0 -25875.0 1000 120
rectangle +x 1750.0 -2700.0 -25875.0 1000 120
rectangle +x 1750.0 -2100.0 -25875.0 1000 120
rectangle +x 1750.0 -1500.0 -25875.0 1000 120
rectangle +x 1750.0 -900.0 -25875.0 1000 120
rectangle +x 1750.0 -300.0 -25875.0 1000 120
rectangle +x 1750.0 300.0 -25875.0 1000 120
rectangle +x 1750.0 900.0 -25875.0 1000 120
rectangle +x 1750.0 1500.0 -25875.0 1000 120
rectangle +x 1750.0 2100.0 -25875.0 1000 120
rectangle +x 1750.0 2700.0 -25875.0 1000 120
rectangle +x 1750.0 3300.0 -25875.0 1000 120
rectangle +x 1750.0 3900.0 -25875.0 1000 120
rectangle +x 1750.0 4500.0 -25875.0 1000 120
rectangle +x 1750.0 5100.0 -25875.0 1000 120
rectangle +x 1750.0 5700.0 -25875.0 1000 120
rectangle +x 1750.0 -5700.0 -24725.0 1000 120
rectangle +x 1750.0 -5100.0 -24725.0 1000 120
rectangle +x 1750.0 -4500.0 -24725.0 1000 120
rectangle +x 1750.0 -3900.0 -24725.0 1000 120
rectangle +x 1750.0 -3300.0 -24725.0 1000 120
rectangle +x 1750.0 -2700.0 -24725.0 1000 120
rectangle +x 1750.0 -2100.0 -24725.0 1000 120
rectangle +x 1750.0 -1500.0 -24725.0 1000 120
rectangle +x 1750.0 -900.0 -24725.0 1000 120
rectangle +x 1750.0 -300.0 -24725.0 1000 120
rectangle +x 1750.0 300.0 -24725.0 1000 120
rectangle +x 1750.0 900.0 -24725.0 1000 120
rectangle +x 1750.0 1500.0 -24725.0 1000 120
rectangle +x 1750.0 2100.0 -24725.0 1000 120
rectangle +x 1750.0 2700.0 -24725.0 1000 120
rectangle +x 1750.0 3300.0 -24725.0 1000 120
rectangle +x 1750.0 3900.0 -24725.0 1000 120
rectangle +x 1750.0 4500.0 -24725.0 1000 120
rectangle +x 1750.0 5100.0 -24725.0 1000 120
rectangle +x 1750.0 5700.0 -24725.0 1000 120
rectangle +x 1750.0 -5700.0 -23575.0 1000 120
rectangle +x 1750.0 -5100.0 -23575.0 1000 120
rectangle +x 1750.0 -4500.0 -23575.0 1000 120
rectangle +x 1750.0 -3900.0 -23575.0 1000 120
rectangle +x 1750.0 -3300.0 -23575.0 1000 120
rectangle +x 1750.0 -2700.0 -23575.0 1000 120
rectangle +x 1750.0 -2100.0 -23575.0 1000 120
rectangle +x 1750.0 -1500.0 -23575.0 1000 120
rectangle +x 1750.0 -900.0 -23575.0 1000 120
rectangle +x 1750.0 -300.0 -23575.0 1000 120
rectangle +x 1750.0 300.0 -23575.0 1000 120
rectangle +x 1750.0 900.0 -23575.0 1000 120
rectangle +x 1750.0 1500.0 -23575.0 1000 120
rectangle +x 1750.0 2100.0 -23575.0 1000 120
rectangle +x 1750.0 2700.0 -23575.0 1000 120
rectangle +x 1750.0 3300.0 -23575.0 1000 120
rectangle +x 1750.0 3900.0 -23575.0 1000 120
rectangle +x 1750.0 4500.0 -23575.0 1000 120
rectangle +x 1750.0 5100.0 -23575.0 1000 120
rectangle +x 1750.0 5700.0 -23575.0 1000 120
rectangle +x 1750.0 -5700.0 -22425.0 1000 120
rectangle +x 1750.0 -5100.0 -22425.0 1000 120
rectangle +x 1750.0 -4500.0 -22425.0 1000 120
rectangle +x 1750.0 -3900.0 -22425.0 1000 120
rectangle +x 1750.0 -3300.0 -22425.0 1000 120
rectangle +x 1750.0 -2700.0 -22425.0 1000 120
rectangle +x 1750.0 -2100.0 -22425.0 1000 120
rectangle +x 1750.0 -1500.0 -22425.0 1000 120
rectangle +x 1750.0 -900.0 -22425.0 1000 120
rectangle +x 1750.0 -300.0 -22425.0 1000 120
rectangle +x 1750.0 300.0 -22425.0 1000 120
rectangle +x 1750.0 900.0 -22425.0 1000 120
rectangle +x 1750.0 1500.0 -22425.0 1000 120
rectangle +x 1750.0 2100.0 -22425.0 1000 120
rectangle +x 1750.0 2700.0 -22425.0 1000 120
rectangle +x 1750.0 3300.0 -22425.0 1000 120
rectangle +x 1750.0 3900.0 -22425.0 1000 120
rectangle +x 1750.0 4500.0 -22425.0 1000 120
rectangle +x 1750.0 5100.0 -22425.0 1000 120
rectangle +x 1750.0 5700.0 -22425.0 1000 120
rectangle +x 1750.0 -5700.0 -21275.0 1000 120
rectangle +x 1750.0 -5100.0 -21275.0 1000 120
rectangle +x 1750.0 -4500.0 -21275.0 1000 120
rectangle +x 1750.0 -3900.0 -21275.0 1000 120
rectangle +x 1750.0 -3300.0 -21275.0 1000 120
rectangle +x 1750.0 -2700.0 -21275.0 1000 120
rectangle +x 1750.0 -2100.0 -21275.0 1000 120
rectangle +x 1750.0 -1500.0 -21275.0 1000 120
rectangle +x 1750.0 -900.0 -21275.0 1000 120
rectangle +x 1750.0 -300.0 -21275.0 1000 120
rectangle +x 1750.0 300.0 -21275.0 1000 120
rectangle +x 1750.0 900.0 -21275.0 1000 120
rectangle +x 1750.0 1500.0 -21275.0 1000 120
rectangle +x 1750.0 2100.0 -21275.0 1000 120
rectangle +x 1750.0 2700.0 -21275.0 1000 120
rectangle +x 1750.0 3300.0 -21275.0 1000 120
rectangle +x 1750.0 3900.0 -21275.0 1000 120
rectangle +x 1750.0 4500.0 -21275.0 1000 120
rectangle +x 1750.0 5100.0 -21275.0 1000 120
rectangle +x 1750.0 5700.0 -21275.0 1000 120
rectangle +x 1750.0 -5700.0 -20125.0 1000 120
rectangle +x 1750.0 -5100.0 -20125.0 1000 120
rectangle +x 1750.0 -4500.0 -20125.0 1000 120
rectangle +x 1750.0 -3900.0 -20125.0 1000 120
rectangle +x 1750.0 -3300.0 -20125.0 1000 120
rectangle +x 1750.0 -2700.0 -20125.0 1000 120
rectangle +x 1750.0 -2100.0 -20125.0 1000 120
rectangle +x 1750.0 -1500.0 -20125.0 1000 120
rectangle +x 1750.0 -900.0 -20125.0 1000 120
rectangle +x 1750.0 -300.0 -20125.0 1000 120
rectangle +x 1750.0 300.0 -20125.0 1000 120
rectangle +x 1750.0 900.0 -20125.0 1000 120
rectangle +x 1750.0 1500.0 -20125.0 1000 120
rectangle +x 1750.0 2100.0 -20125.0 1000 120
rectangle +x 1750.0 2700.0 -20125.0 1000 120
rectangle +x 1750.0 3300.0 -20125.0 1000 120
rectangle +x 1750.0 3900.0 -20125.0 1000 120
rectangle +x 1750.0 4500.0 -20125.0 1000 120
rectangle +x 1750.0 5100.0 -20125.0 1000 120
rectangle +x 1750.0 5700.0 -20125.0 1000 120
rectangle +x 1750.0 -5700.0 -18975.0 1000 120
rectangle +x 1750.0 -5100.0 -18975.0 1000 120
rectangle +x 1750.0 -4500.0 -18975.0 1000 120
rectangle +x 1750.0 -3900.0 -18975.0 1000 120
rectangle +x 1750.0 -3300.0 -18975.0 1000 120
rectangle +x 1750.0 -2700.0 -18975.0 1000 120
rectangle +x 1750.0 -2100.0 -18975.0 1000 120
rectangle +x 1750.0 -1500.0 -18975.0 1000 120
rectangle +x 1750.0 -900.0 -18975.0 1000 120
rectangle +x 1750.0 -300.0 -18975.0 1000 120
rectangle +x 1750.0 300.0 -18975.0 1000 120
rectangle +x 1750.0 900.0 -18975.0 1000 120
rectangle +x 1750.0 1500.0 -18975.0 1000 120
rectangle +x 1750.0 2100.0 -18975.0 1000 120
rectangle +x 1750.0 2700.0 -18975.0 1000 120
rectangle +x 1750.0 3300.0 -18975.0 1000 120
rectangle +x 1750.0 3900.0 -18975.0 1000 120
rectangle +x 1750.0 4500.0 -18975.0 1000 120
rectangle +x 1750.0 5100.0 -18975.0 1000 120
rectangle +x 1750.0 5700.0 -18975.0 1000 120
rectangle +x 1750.0 -5700.0 -17825.0 1000 120
rectangle +x 1750.0 -5100.0 -17825.0 1000 120
rectangle +x 1750.0 -4500.0 -17825.0 1000 120
rectangle +x 1750.0 -3900.0 -17825.0 1000 120
rectangle +x 1750.0 -3300.0 -17825.0 1000 120
rectangle +x 1750.0 -2700.0 -17825.0 1000 120
rectangle +x 1750.0 -2100.0 -17825.0 1000 120
rectangle +x 1750.0 -1500.0 -17825.0 1000 120
rectangle +x 1750.0 -900.0 -17825.0 1000 120
rectangle +x 1750.0 -300.0 -17825.0 1000 120
rectangle +x 1750.0 300.0 -17825.0 1000 120
rectangle +x 1750.0 900.0 -17825.0 1000 120
rectangle +x 1750.0 1500.0 -17825.0 1000 120
rectangle +x 1750.0 2100.0 -17825.0 1000 120
rectangle +x 1750.0 2700.0 -17825.0 1000 120
rectangle +x 1750.0 3300.0 -17825.0 1000 120
rectangle +x 1750.0 3900.0 -17825.0 1000 120
rectangle +x 1750.0 4500.0 -17825.0 1000 120
rectangle +x 1750.0 5100.0 -17825.0 1000 120
rectangle +x 1750.0 5700.0 -17825.0 1000 120
rectangle +x 1750.0 -5700.0 -16675.0 1000 120
rectangle +x 1750.0 -5100.0 -16675.0 1000 120
rectangle +x 1750.0 -4500.0 -16675.0 1000 120
rectangle +x 1750.0 -3900.0 -16675.0 1000 120
rectangle +x 1750.0 -3300.0 -16675.0 1000 120
rectangle +x 1750.0 -2700.0 -16675.0 1000 120
rectangle +x 1750.0 -2100.0 -16675.0 1000 120
rectangle +x 1750.0 -1500.0 -16675.0 1000 120
rectangle +x 1750.0 -900.0 -16675.0 1000 120
rectangle +x 1750.0 -300.0 -16675.0 1000 120
rectangle +x 1750.0 300.0 -16675.0 1000 120
rectangle +x 1750.0 900.0 -16675.0 1000 120
rectangle +x 1750.0 1500.0 -16675.0 1000 120
rectangle +x 1750.0 2100.0 -16675.0 1000 120
rectangle +x 1750.0 2700.0 -16675.0 1000 120
rectangle +x 1750.0 3300.0 -16675.0 1000 120
rectangle +x 1750.0 3900.0 -16675.0 1000 120
rectangle +x 1750.0 4500.0 -16675.0 1000 120
rectangle +x 1750.0 5100.0 -16675.0 1000 120
rectangle +x 1750.0 5700.0 -16675.0 1000 120
rectangle +x 1750.0 -5700.0 -15525.0 1000 120
rectangle +x 1750.0 -5100.0 -15525.0 1000 120
rectangle +x 1750.0 -4500.0 -15525.0 1000 120
rectangle +x 1750.0 -3900.0 -15525.0 1000 120
rectangle +x 1750.0 -3300.0 -15525.0 1000 120
rectangle +x 1750.0 -2700.0 -15525.0 1000 120
rectangle +x 1750.0 -2100.0 -15525.0 1000 120
rectangle +x 1750.0 -1500.0 -15525.0 1000 120
rectangle +x 1750.0 -900.0 -15525.0 1000 120
rectangle +x 1750.0 -300.0 -15525.0 1000 120
rectangle +x 1750.0 300.0 -15525.0 1000 120
rectangle +x 1750.0 900.0 -15525.0 1000 120
rectangle +x 1750.0 1500.0 -15525.0 1000 120
rectangle +x 1750.0 2100.0 -15525.0 1000 120
rectangle +x 1750.0 2700.0 -15525.0 1000 120
rectangle +x 1750.0 3300.0 -15525.0 1000 120
rectangle +x 1750.0 3900.0 -15525.0 1000 120
rectangle +x 1750.0 4500.0 -15525.0 1000 120
rectangle +x 1750.0 5100.0 -15525.0 1000 120
rectangle +x 1750.0 5700.0 -15525.0 1000 120
rectangle +x 1750.0 -5700.0 -14375.0 1000 120
rectangle +x 1750.0 -5100.0 -14375.0 1000 120
rectangle +x 1750.0 -4500.0 -14375.0 1000 120
rectangle +x 1750.0 -3900.0 -14375.0 1000 120
rectangle +x 1750.0 -3300.0 -14375.0 1000 120
rectangle +x 1750.0 -2700.0 -14375.0 1000 120
rectangle +x 1750.0 -2100.0 -14375.0 1000 120
rectangle +x 1750.0 -1500.0 -14375.0 1000 120
rectangle +x 1750.0 -900.0 -14375.0 1000 120
rectangle +x 1750.0 -300.0 -14375.0 1000 120
rectangle +x 1750.0 300.0 -14375.0 1000 120
rectangle +x 1750.0 900.0 -14375.0 1000 120
rectangle +x 1750.0 1500.0 -14375.0 1000 120
rectangle +x 1750.0 2100.0 -14375.0 1000 120
rectangle +x 1750.0 2700.0 -14375.0 1000 120
rectangle +x 1750.0 3300.0 -14375.0 1000 120
rectangle +x 1750.0 3900.0 -14375.0 1000 120
rectangle +x 1750.0 4500.0 -14375.0 1000 120
rectangle +x 1750.0 5100.0 -14375.0 1000 120
rectangle +x 1750.0 5700.0 -14375.0 1000 120
rectangle +x 1750.0 -5700.0 -13225.0 1000 120
rectangle +x 1750.0 -5100.0 -13225.0 1000 120
rectangle +x 1750.0 -4500.0 -13225.0 1000 120
rectangle +x 1750.0 -3900.0 -13225.0 1000 120
rectangle +x 1750.0 -3300.0 -13225.0 1000 120
rectangle +x 1750.0 -2700.0 -13225.0 1000 120
rectangle +x 1750.0 -2100.0 -13225.0 1000 120
rectangle +x 1750.0 -1500.0 -13225.0 1000 120
rectangle +x 1750.0 -900.0 -13225.0 1000 120
rectangle +x 1750.0 -300.0 -13225.0 1000 120
rectangle +x 1750.0 300.0 -13225.0 1000 120
rectangle +x 1750.0 900.0 -13225.0 1000 120
rectangle +x 1750.0 1500.0 -13225.0 1000 120
rectangle +x 1750.0 2100.0 -13225.0 1000 120
rectangle +x 1750.0 2700.0 -13225.0 1000 120
rectangle +x 1750.0 3300.0 -13225.0 1000 120
rectangle +x 1750.0 3900.0 -13225.0 1000 120
rectangle +x 1750.0 4500.0 -13225.0 1000 120
rectangle +x 1750.0 5100.0 -13225.0 1000 120
rectangle +x 1750.0 5700.0 -13225.0 1000 120
rectangle +x 1750.0 -5700.0 -12075.0 1000 120
rectangle +x 1750.0 -5100.0 -12075.0 1000 120
rectangle +x 1750.0 -4500.0 -12075.0 1000 120
rectangle +x 1750.0 -3900.0 -12075.0 1000 120
rectangle +x 1750.0 -3300.0 -12075.0 1000 120
rectangle +x 1750.0 -2700.0 -12075.0 1000 120
rectangle +x 1750.0 -2100.0 -12075.0 1000 120
rectangle +x 1750.0 -1500.0 -12075.0 1000 120
rectangle +x 1750.0 -900.0 -12075.0 1000 120
rectangle +x 1750.0 -300.0 -12075.0 1000 120
rectangle +x 1750.0 300.0 -12075.0 1000 120
rectangle +x 1750.0 900.0 -12075.0 1000 120
rectangle +x 1750.0 1500.0 -12075.0 1000 120
rectangle +x 1750.0 2100.0 -12075.0 1000 120
rectangle +x 1750.0 2700.0 -12075.0 1000 120
rectangle +x 1750.0 3300.0 -12075.0 1000 120
rectangle +x 1750.0 3900.0 -12075.0 1000 120
rectangle +x 1750.0 4500.0 -12075.0 1000 120
rectangle +x 1750.0 5100.0 -12075.0 1000 120
rectangle +x 1750.0 5700.0 -12075.0 1000 120
rectangle +x 1750.0 -5700.0 -10925.0 1000 120
rectangle +x 1750.0 -5100.0 -10925.0 1000 120
rectangle +x 1750.0 -4500.0 -10925.0 1000 120
rectangle +x 1750.0 -3900.0 -10925.0 1000 120
rectangle +x 1750.0 -3300.0 -10925.0 1000 120
rectangle +x 1750.0 -2700.0 -10925.0 1000 120
rectangle +x 1750.0 -2100.0 -10925.0 1000 120
rectangle +x 1750.0 -1500.0 -10925.0 1000 120
rectangle +x 1750.0 -900.0 -10925.0 1000 120
rectangle +x 1750.0 -300.0 -10925.0 1000 120
rectangle +x 1750.0 300.0 -10925.0 1000 120
rectangle +x 1750.0 900.0 -10925.0 1000 120
rectangle +x 1750.0 1500.0 -10925.0 1000 120
rectangle +x 1750.0 2100.0 -10925.0 1000 120
rectangle +x 1750.0 2700.0 -10925.0 1000 120
rectangle +x 1750.0 3300.0 -10925.0 1000 120
rectangle +x 1750.0 3900.0 -10925.0 1000 120
rectangle +x 1750.0 4500.0 -10925.0 1000 120
rectangle +x 1750.0 5100.0 -10925.0 1000 120
rectangle +x 1750.0 5700.0 -10925.0 1000 120
rectangle +x 1750.0 -5700.0 -9775.0 1000 120
rectangle +x 1750.0 -5100.0 -9775.0 1000 120
rectangle +x 1750.0 -4500.0 -9775.0 1000 120
rectangle +x 1750.0 -3900.0 -9775.0 1000 120
rectangle +x 1750.0 -3300.0 -9775.0 1000 120
rectangle +x 1750.0 -2700.0 -9775.0 1000 120
rectangle +x 1750.0 -2100.0 -9775.0 1000 120
rectangle +x 1750.0 -1500.0 -9775.0 1000 120
rectangle +x 1750.0 -900.0 -9775.0 1000 120
rectangle +x 1750.0 -300.0 -9775.0 1000 120
rectangle +x 1750.0 300.0 -9775.0 1000 120
rectangle +x 1750.0 900.0 -9775.0 1000 120
rectangle +x 1750.0 1500.0 -9775.0 1000 120
rectangle +x 1750.0 2100.0 -9775.0 1000 120
rectangle +x 1750.0 2700.0 -9775.0 1000 120
rectangle +x 1750.0 3300.0 -9775.0 1000 120
rectangle +x 1750.0 3900.0 -9775.0 1000 120
rectangle +x 1750.0 4500.0 -9775.0 1000 120
rectangle +x 1750.0 5100.0 -9775.0 1000 120
rectangle +x 1750.0 5700.0 -9775.0 1000 120
rectangle +x 1750.0 -5700.0 -8625.0 1000 120
rectangle +x 1750.0 -5100.0 -8625.0 1000 120
rectangle +x 1750.0 -4500.0 -8625.0 1000 120
rectangle +x 1750.0 -3900.0 -8625.0 1000 120
rectangle +x 1750.0 -3300.0 -8625.0 1000 120
rectangle +x 1750.0 -2700.0 -8625.0 1000 120
rectangle +x 1750.0 -2100.0 -8625.0 1000 120
rectangle +x 1750.0 -1500.0 -8625.0 1000 120
rectangle +x 1750.0 -900.0 -8625.0 1000 120
rectangle +x 1750.0 -300.0 -8625.0 1000 120
rectangle +x 1750.0 300.0 -8625.0 1000 120
rectangle +x 1750.0 900.0 -8625.0 1000 120
rectangle +x 1750.0 1500.0 -8625.0 1000 120
rectangle +x 1750.0 2100.0 -8625.0 1000 120
rectangle +x 1750.0 2700.0 -8625.0 1000 120
rectangle +x 1750.0 3300.0 -8625.0 1000 120
rectangle +x 1750.0 3900.0 -8625.0 1000 120
rectangle +x 1750.0 4500.0 -8625.0 1000 120
rectangle +x 1750.0 5100.0 -8625.0 1000 120
rectangle +x 1750.0 5700.0 -8625.0 1000 120
rectangle +x 1750.0 -5700.0 -7475.0 1000 120
rectangle +x 1750.0 -5100.0 -7475.0 1000 120
rectangle +x 1750.0 -4500.0 -7475.0 1000 120
rectangle +x 1750.0 -3900.0 -7475.0 1000 120
rectangle +x 1750.0 -3300.0 -7475.0 1000 120
rectangle +x 1750.0 -2700.0 -7475.0 1000 120
rectangle +x 1750.0 -2100.0 -7475.0 1000 120
rectangle +x 1750.0 -1500.0 -7475.0 1000 120
rectangle +x 1750.0 -900.0 -7475.0 1000 120
rectangle +x 1750.0 -300.0 -7475.0 1000 120
rectangle +x 1750.0 300.0 -7475.0 1000 120
rectangle +x 1750.0 900.0 -7475.0 1000 120
rectangle +x 1750.0 1500.0 -7475.0 1000 120
rectangle +x 1750.0 2100.0 -7475.0 1000 120
rectangle +x 1750.0 2700.0 -7475.0 1000 120
rectangle +x 1750.0 3300.0 -7475.0 1000 120
rectangle +x 1750.0 3900.0 -7475.0 1000 120
rectangle +x 1750.0 4500.0 -7475.0 1000 120
rectangle +x 1750.0 5100.0 -7475.0 1000 120
rectangle +x 1750.0 5700.0 -7475.0 1000 120
rectangle +x 1750.0 -5700.0 -6325.0 1000 120
rectangle +x 1750.0 -5100.0 -6325.0 1000 120
rectangle +x 1750.0 -4500.0 -6325.0 1000 120
rectangle +x 1750.0 -3900.0 -6325.0 1000 120
rectangle +x 1750.0 -3300.0 -6325.0 1000 120
rectangle +x 1750.0 -2700.0 -6325.0 1000 120
rectangle +x 1750.0 -2100.0 -6325.0 1000 120
rectangle +x 1750.0 -1500.0 -6325.0 1000 120
rectangle +x 1750.0 -900.0 -6325.0 1000 120
rectangle +x 1750.0 -300.0 -6325.0 1000 120
rectangle +x 1750.0 300.0 -6325.0 1000 120
rectangle +x 1750.0 900.0 -6325.0 1000 120
rectangle +x 1750.0 1500.0 -6325.0 1000 120
rectangle +x 1750.0 2100.0 -6325.0 1000 120
rectangle +x 1750.0 2700.0 -6325.0 1000 120
rectangle +x 1750.0 3300.0 -6325.0 1000 120
rectangle +x 1750.0 3900.0 -6325.0 1000 120
rectangle +x 1750.0 4500.0 -6325.0 1000 120
rectangle +x 1750.0 5100.0 -6325.0 1000 120
rectangle +x 1750.0 5700.0 -6325.0 1000 120
rectangle +x 1750.0 -5700.0 -5175.0 1000 120
rectangle +x 1750.0 -5100.0 -5175.0 1000 120
rectangle +x 1750.0 -4500.0 -5175.0 1000 120
rectangle +x 1750.0 -3900.0 -5175.0 1000 120
rectangle +x 1750.0 -3300.0 -5175.0 1000 120
rectangle +x 1750.0 -2700.0 -5175.0 1000 120
rectangle +x 1750.0 -2100.0 -5175.0 1000 120
rectangle +x 1750.0 -1500.0 -5175.0 1000 120
rectangle +x 1750.0 -900.0 -5175.0 1000 120
rectangle +x 1750.0 -300.0 -5175.0 1000 120
rectangle +x 1750.0 300.0 -5175.0 1000 120
rectangle +x 1750.0 900.0 -5175.0 1000 120
rectangle +x 1750.0 1500.0 -5175.0 1000 120
rectangle +x 1750.0 2100.0 -5175.0 1000 120
rectangle +x 1750.0 2700.0 -5175.0 1000 120
rectangle +x 1750.0 3300.0 -5175.0 1000 120
rectangle +x 1750.0 3900.0 -5175.0 1000 120
rectangle +x 1750.0 4500.0 -5175.0 1000 120
rectangle +x 1750.0 5100.0 -5175.0 1000 120
rectangle +x 1750.0 5700.0 -5175.0 1000 120
rectangle +x 1750.0 -5700.0 -4025.0 1000 120
rectangle +x 1750.0 -5100.0 -4025.0 1000 120
rectangle +x 1750.0 -4500.0 -4025.0 1000 120
rectangle +x 1750.0 -3900.0 -4025.0 1000 120
rectangle +x 1750.0 -3300.0 -4025.0 1000 120
rectangle +x 1750.0 -2700.0 -4025.0 1000 120
rectangle +x 1750.0 -2100.0 -4025.0 1000 120
rectangle +x 1750.0 -1500.0 -4025.0 1000 120
rectangle +x 1750.0 -900.0 -4025.0 1000 120
rectangle +x 1750.0 -300.0 -4025.0 1000 120
rectangle +x 1750.0 300.0 -4025.0 1000 120
rectangle +x 1750.0 900.0 -4025.0 1000 120
rectangle +x 1750.0 1500.0 -4025.0 1000 120
rectangle +x 1750.0 2100.0 -4025.0 1000 120
rectangle +x 1750.0 2700.0 -4025.0 1000 120
rectangle +x 1750.0 3300.0 -4025.0 1000 120
rectangle +x 1750.0 3900.0 -4025.0 1000 120
rectangle +x 1750.0 4500.0 -4025.0 1000 120
rectangle +x 1750.0 5100.0 -4025.0 1000 120
rectangle +x 1750.0 5700.0 -4025.0 1000 120
rectangle +x 1750.0 -5700.0 -2875.0 1000 120
rectangle +x 1750.0 -5100.0 -2875.0 1000 120
rectangle +x 1750.0 -4500.0 -2875.0 1000 120
rectangle +x 1750.0 -3900.0 -2875.0 1000 120
rectangle +x 1750.0 -3300.0 -2875.0 1000 120
rectangle +x 1750.0 -2700.0 -2875.0 1000 120
rectangle +x 1750.0 -2100.0 -2875.0 1000 120
rectangle +x 1750.0 -1500.0 -2875.0 1000 120
rectangle +x 1750.0 -900.0 -2875.0 1000 120
rectangle +x 1750.0 -300.0 -2875.0 1000 120
rectangle +x 1750.0 300.0 -2875.0 1000 120
rectangle +x 1750.0 900.0 -2875.0 1000 120
rectangle +x 1750.0 1500.0 -2875.0 1000 120
rectangle +x 1750.0 2100.0 -2875.0 1000 120
rectangle +x 1750.0 2700.0 -2875.0 1000 120
rectangle +x 1750.0 3300.0 -2875.0 1000 120
rectangle +x 1750.0 3900.0 -2875.0 1000 120
rectangle +x 1750.0 4500.0 -2875.0 1000 120
rectangle +x 1750.0 5100.0 -2875.0 1000 120
rectangle +x 1750.0 5700.0 -2875.0 1000 120
rectangle +x 1750.0 -5700.0 -1725.0 1000 120
rectangle +x 1750.0 -5100.0 -1725.0 1000 120
rectangle +x 1750.0 -4500.0 -1725.0 1000 120
rectangle +x 1750.0 -3900.0 -1725.0 1000 120
rectangle +x 1750.0 -3300.0 -1725.0 1000 120
rectangle +x 1750.0 -2700.0 -1725.0 1000 120
rectangle +x 1750.0 -2100.0 -1725.0 1000 120
rectangle +x 1750.0 -1500.0 -1725.0 1000 120
rectangle +x 1750.0 -900.0 -1725.0 1000 120
rectangle +x 1750.0 -300.0 -1725.0 1000 120
rectangle +x 1750.0 300.0 -1725.0 1000 120
rectangle +x 1750.0 900.0 -1725.0 1000 120
rectangle +x 1750.0 1500.0 -1725.0 1000 120
rectangle +x 1750.0 2100.0 -1725.0 1000 120
rectangle +x 1750.0 2700.0 -1725.0 1000 120
rectangle +x 1750.0 3300.0 -1725.0 1000 120
rectangle +x 1750.0 3900.0 -1725.0 1000 120
rectangle +x 1750.0 4500.0 -1725.0 1000 120
rectangle +x 1750.0 5100.0 -1725.0 1000 120
rectangle +x 1750.0 5700.0 -1725.0 1000 120
rectangle +x 1750.0 -5700.0 -575.0 1000 120
rectangle +x 1750.0 -5100.0 -575.0 1000 120
rectangle +x 1750.0 -4500.0 -575.0 1000 120
rectangle +x 1750.0 -3900.0 -575.0 1000 120
rectangle +x 1750.0 -3300.0 -575.0 1000 120
rectangle +x 1750.0 -2700.0 -575.0 1000 120
rectangle +x 1750.0 -2100.0 -575.0 1000 120
rectangle +x 1750.0 -1500.0 -575.0 1000 120
rectangle +x 1750.0 -900.0 -575.0 1000 120
rectangle +x 1750.0 -300.0 -575.0 1000 120
rectangle +x 1750.0 300.0 -575.0 1000 120
rectangle +x 1750.0 900.0 -575.0 1000 120
rectangle +x 1750.0 1500.0 -575.0 1000 120
rectangle +x 1750.0 2100.0 -575.0 1000 120
rectangle +x 1750.0 2700.0 -575.0 1000 120
rectangle +x 1750.0 3300.0 -575.0 1000 120
rectangle +x 1750.0 3900.0 -575.0 1000 120
rectangle +x 1750.0 4500.0 -575.0 1000 120
rectangle +x 1750.0 5100.0 -575.0 1000 120
rectangle +x 1750.0 5700.0 -575.0 1000 120
rectangle +x 1750.0 -5700.0 575.0 1000 120
rectangle +x 1750.0 -5100.0 575.0 1000 120
rectangle +x 1750.0 -4500.0 575.0 1000 120
rectangle +x 1750.0 -3900.0 575.0 1000 120
rectangle +x 1750.0 -3300.0 575.0 1000 120
rectangle +x 1750.0 -2700.0 575.0 1000 120
rectangle +x 1750.0 -2100.0 575.0 1000 120
rectangle +x 1750.0 -1500.0 575.0 1000 120
rectangle +x 1750.0 -900.0 575.0 1000 120
rectangle +x 1750.0 -300.0 575.0 1000 120
rectangle +x 1750.0 300.0 575.0 1000 120
rectangle +x 1750.0 900.0 575.0 1000 120
rectangle +x 1750.0 1500.0 575.0 1000 120
rectangle +x 1750.0 2100.0 575.0 1000 120
rectangle +x 1750.0 2700.0 575.0 1000 120
rectangle +x 1750.0 3300.0 575.0 1000 120
rectangle +x 1750.0 3900.0 575.0 1000 120
rectangle +x 1750.0 4500.0 575.0 1000 120
rectangle +x 1750.0 5100.0 575.0 1000 120
rectangle +x 1750.0 5700.0 575.0 1000 120
rectangle +x 1750.0 -5700.0 1725.0 1000 120
rectangle +x 1750.0 -5100.0 1725.0 1000 120
rectangle +x 1750.0 -4500.0 1725.0 1000 120
rectangle +x 1750.0 -3900.0 1725.0 1000 120
rectangle +x 1750.0 -3300.0 1725.0 1000 120
rectangle +x 1750.0 -2700.0 1725.0 1000 120
rectangle +x 1750.0 -2100.0 1725.0 1000 120
rectangle +x 1750.0 -1500.0 1725.0 1000 120
rectangle +x 1750.0 -900.0 1725.0 1000 120
rectangle +x 1750.0 -300.0 1725.0 1000 120
rectangle +x 1750.0 300.0 1725.0 1000 120
rectangle +x 1750.0 900.0 1725.0 1000 120
rectangle +x 1750.0 1500.0 1725.0 1000 120
rectangle +x 1750.0 2100.0 1725.0 1000 120
rectangle +x 1750.0 2700.0 1725.0 1000 120
rectangle +x 1750.0 3300.0 1725.0 1000 120
rectangle +x 1750.0 3900.0 1725.0 1000 120
rectangle +x 1750.0 4500.0 1725.0 1000 120
rectangle +x 1750.0 5100.0 1725.0 1000 120
rectangle +x 1750.0 5700.0 1725.0 1000 120
rectangle +x 1750.0 -5700.0 2875.0 1000 120
rectangle +x 1750.0 -5100.0 2875.0 1000 120
rectangle +x 1750.0 -4500.0 2875.0 1000 120
rectangle +x 1750.0 -3900.0 2875.0 1000 120
rectangle +x 1750.0 -3300.0 2875.0 1000 120
rectangle +x 1750.0 -2700.0 2875.0 1000 120
rectangle +x 1750.0 -2100.0 2875.0 1000 120
rectangle +x 1750.0 -1500.0 2875.0 1000 120
rectangle +x 1750.0 -900.0 2875.0 1000 120
rectangle +x 1750.0 -300.0 2875.0 1000 120
rectangle +x 1750.0 300.0 2875.0 1000 120
rectangle +x 1750.0 900.0 2875.0 1000 120
rectangle +x 1750.0 1500.0 2875.0 1000 120
rectangle +x 1750.0 2100.0 2875.0 1000 120
rectangle +x 1750.0 2700.0 2875.0 1000 120
rectangle +x 1750.0 3300.0 2875.0 1000 120
rectangle +x 1750.0 3900.0 2875.0 1000 120
rectangle +x 1750.0 4500.0 2875.0 1000 120
rectangle +x 1750.0 5100.0 2875.0 1000 120
rectangle +x 1750.0 5700.0 2875.0 1000 120
rectangle +x 1750.0 -5700.0 4025.0 1000 120
rectangle +x 1750.0 -5100.0 4025.0 1000 120
rectangle +x 1750.0 -4500.0 4025.0 1000 120
rectangle +x 1750.0 -3900.0 4025.0 1000 120
rectangle +x 1750.0 -3300.0 4025.0 1000 120
rectangle +x 1750.0 -2700.0 4025.0 1000 120
rectangle +x 1750.0 -2100.0 4025.0 1000 120
rectangle +x 1750.0 -1500.0 4025.0 1000 120
rectangle +x 1750.0 -900.0 4025.0 1000 120
rectangle +x 1750.0 -300.0 4025.0 1000 120
rectangle +x 1750.0 300.0 4025.0 1000 120
rectangle +x 1750.0 900.0 4025.0 1000 120
rectangle +x 1750.0 1500.0 4025.0 1000 120
rectangle +x 1750.0 2100.0 4025.0 1000 120
rectangle +x 1750.0 2700.0 4025.0 1000 120
rectangle +x 1750.0 3300.0 4025.0 1000 120
rectangle +x 1750.0 3900.0 4025.0 1000 120
rectangle +x 1750.0 4500.0 4025.0 1000 120
rectangle +x 1750.0 5100.0 4025.0 1000 120
rectangle +x 1750.0 5700.0 4025.0 1000 120
rectangle +x 1750.0 -5700.0 5175.0 1000 120
rectangle +x 1750.0 -5100.0 5175.0 1000 120
rectangle +x 1750.0 -4500.0 5175.0 1000 120
rectangle +x 1750.0 -3900.0 5175.0 1000 120
rectangle +x 1750.0 -3300.0 5175.0 1000 120
rectangle +x 1750.0 -2700.0 5175.0 1000 120
rectangle +x 1750.0 -2100.0 5175.0 1000 120
rectangle +x 1750.0 -1500.0 5175.0 1000 120
rectangle +x 1750.0 -900.0 5175.0 1000 120
rectangle +x 1750.0 -300.0 5175.0 1000 120
rectangle +x 1750.0 300.0 5175.0 1000 120
rectangle +x 1750.0 900.0 5175.0 1000 120
rectangle +x 1750.0 1500.0 5175.0 1000 120
rectangle +x 1750.0 2100.0 5175.0 1000 120
rectangle +x 1750.0 2700.0 5175.0 1000 120
rectangle +x 1750.0 3300.0 5175.0 1000 120
rectangle +x 1750.0 3900.0 5175.0 1000 120
rectangle +x 1750.0 4500.0 5175.0 1000 120
rectangle +x 1750.0 5100.0 5175.0 1000 120
rectangle +x 1750.0 5700.0 5175.0 1000 120
rectangle +x 1750.0 -5700.0 6325.0 1000 120
rectangle +x 1750.0 -5100.0 6325.0 1000 120
rectangle +x 1750.0 -4500.0 6325.0 1000 120
rectangle +x 1750.0 -3900.0 6325.0 1000 120
rectangle +x 1750.0 -3300.0 6325.0 1000 120
rectangle +x 1750.0 -2700.0 6325.0 1000 120
rectangle +x 1750.0 -2100.0 6325.0 1000 120
rectangle +x 1750.0 -1500.0 6325.0 1000 120
rectangle +x 1750.0 -900.0 6325.0 1000 120
rectangle +x 1750.0 -300.0 6325.0 1000 120
rectangle +x 1750.0 300.0 6325.0 1000 120
rectangle +x 1750.0 900.0 6325.0 1000 120
rectangle +x 1750.0 1500.0 6325.0 1000 120
rectangle +x 1750.0 2100.0 6325.0 1000 120
rectangle +x 1750.0 2700.0 6325.0 1000 120
rectangle +x 1750.0 3300.0 6325.0 1000 120
rectangle +x 1750.0 3900.0 6325.0 1000 120
rectangle +x 1750.0 4500.0 6325.0 1000 120
rectangle +x 1750.0 5100.0 6325.0 1000 120
rectangle +x 1750.0 5700.0 6325.0 1000 120
rectangle +x 1750.0 -5700.0 7475.0 1000 120
rectangle +x 1750.0 -5100.0 7475.0 1000 120
rectangle +x 1750.0 -4500.0 7475.0 1000 120
rectangle +x 1750.0 -3900.0 7475.0 1000 120
rectangle +x 1750.0 -3300.0 7475.0 1000 120
rectangle +x 1750.0 -2700.0 7475.0 1000 120
rectangle +x 1750.0 -2100.0 7475.0 1000 120
rectangle +x 1750.0 -1500.0 7475.0 1000 120
rectangle +x 1750.0 -900.0 7475.0 1000 120
rectangle +x 1750.0 -300.0 7475.0 1000 120
rectangle +x 1750.0 300.0 7475.0 1000 120
rectangle +x 1750.0 900.0 7475.0 1000 120
rectangle +x 1750.0 1500.0 7475.0 1000 120
rectangle +x 1750.0 2100.0 7475.0 1000 120
rectangle +x 1750.0 2700.0 7475.0 1000 120
rectangle +x 1750.0 3300.0 7475.0 1000 120
rectangle +x 1750.0 3900.0 7475.0 1000 120
rectangle +x 1750.0 4500.0 7475.0 1000 120
rectangle +x 1750.0 5100.0 7475.0 1000 120
rectangle +x 1750.0 5700.0 7475.0 1000 120
rectangle +x 1750.0 -5700.0 8625.0 1000 120
rectangle +x 1750.0 -5100.0 8625.0 1000 120
rectangle +x 1750.0 -4500.0 8625.0 1000 120
rectangle +x 1750.0 -3900.0 8625.0 1000 120
rectangle +x 1750.0 -3300.0 8625.0 1000 120
rectangle +x 1750.0 -2700.0 8625.0 1000 120
rectangle +x 1750.0 -2100.0 8625.0 1000 120
rectangle +x 1750.0 -1500.0 8625.0 1000 120
rectangle +x 1750.0 -900.0 8625.0 1000 120
rectangle +x 1750.0 -300.0 8625.0 1000 120
rectangle +x 1750.0 300.0 8625.0 1000 120
rectangle +x 1750.0 900.0 8625.0 1000 120
rectangle +x 1750.0 1500.0 8625.0 1000 120
rectangle +x 1750.0 2100.0 8625.0 1000 120
rectangle +x 1750.0 2700.0 8625.0 1000 120
rectangle +x 1750.0 3300.0 8625.0 1000 120
rectangle +x 1750.0 3900.0 8625.0 1000 120
rectangle +x 1750.0 4500.0 8625.0 1000 120
rectangle +x 1750.0 5100.0 8625.0 1000 120
rectangle +x 1750.0 5700.0 8625.0 1000 120
rectangle +x 1750.0 -5700.0 9775.0 1000 120
rectangle +x 1750.0 -5100.0 9775.0 1000 120
rectangle +x 1750.0 -4500.0 9775.0 1000 120
rectangle +x 1750.0 -3900.0 9775.0 1000 120
rectangle +x 1750.0 -3300.0 9775.0 1000 120
rectangle +x 1750.0 -2700.0 9775.0 1000 120
rectangle +x 1750.0 -2100.0 9775.0 1000 120
rectangle +x 1750.0 -1500.0 9775.0 1000 120
rectangle +x 1750.0 -900.0 9775.0 1000 120
rectangle +x 1750.0 -300.0 9775.0 1000 120
rectangle +x 1750.0 300.0 9775.0 1000 120
rectangle +x 1750.0 900.0 9775.0 1000 120
rectangle +x 1750.0 1500.0 9775.0 1000 120
rectangle +x 1750.0 2100.0 9775.0 1000 120
rectangle +x 1750.0 2700.0 9775.0 1000 120
rectangle +x 1750.0 3300.0 9775.0 1000 120
rectangle +x 1750.0 3900.0 9775.0 1000 120
rectangle +x 1750.0 4500.0 9775.0 1000 120
rectangle +x 1750.0 5100.0 9775.0 1000 120
rectangle +x 1750.0 5700.0 9775.0 1000 120
rectangle +x 1750.0 -5700.0 10925.0 1000 120
rectangle +x 1750.0 -5100.0 10925.0 1000 120
rectangle +x 1750.0 -4500.0 10925.0 1000 120
rectangle +x 1750.0 -3900.0 10925.0 1000 120
rectangle +x 1750.0 -3300.0 10925.0 1000 120
rectangle +x 1750.0 -2700.0 10925.0 1000 120
rectangle +x 1750.0 -2100.0 10925.0 1000 120
rectangle +x 1750.0 -1500.0 10925.0 1000 120
rectangle +x 1750.0 -900.0 10925.0 1000 120
rectangle +x 1750.0 -300.0 10925.0 1000 120
rectangle +x 1750.0 300.0 10925.0 1000 120
rectangle +x 1750.0 900.0 10925.0 1000 120
rectangle +x 1750.0 1500.0 10925.0 1000 120
rectangle +x 1750.0 2100.0 10925.0 1000 120
rectangle +x 1750.0 2700.0 10925.0 1000 120
rectangle +x 1750.0 3300.0 10925.0 1000 120
rectangle +x 1750.0 3900.0 10925.0 1000 120
rectangle +x 1750.0 4500.0 10925.0 1000 120
rectangle +x 1750.0 5100.0 10925.0 1000 120
rectangle +x 1750.0 5700.0 10925.0 1000 120
rectangle +x 1750.0 -5700.0 12075.0 1000 120
rectangle +x 1750.0 -5100.0 12075.0 1000 120
rectangle +x 1750.0 -4500.0 12075.0 1000 120
rectangle +x 1750.0 -3900.0 12075.0 1000 120
rectangle +x 1750.0 -3300.0 12075.0 1000 120
rectangle +x 1750.0 -2700.0 12075.0 1000 120
rectangle +x 1750.0 -2100.0 12075.0 1000 120
rectangle +x 1750.0 -1500.0 12075.0 1000 120
rectangle +x 1750.0 -900.0 12075.0 1000 120
rectangle +x 1750.0 -300.0 12075.0 1000 120
rectangle +x 1750.0 300.0 12075.0 1000 120
rectangle +x 1750.0 900.0 12075.0 1000 120
rectangle +x 1750.0 1500.0 12075.0 1000 120
rectangle +x 1750.0 2100.0 12075.0 1000 120
rectangle +x 1750.0 2700.0 12075.0 1000 120
rectangle +x 1750.0 3300.0 12075.0 1000 120
rectangle +x 1750.0 3900.0 12075.0 1000 120
rectangle +x 1750.0 4500.0 12075.0 1000 120
rectangle +x 1750.0 5100.0 12075.0 1000 120
rectangle +x 1750.0 5700.0 12075.0 1000 120
rectangle +x 1750.0 -5700.0 13225.0 1000 120
rectangle +x 1750.0 -5100.0 13225.0 1000 120
rectangle +x 1750.0 -4500.0 13225.0 1000 120
rectangle +x 1750.0 -3900.0 13225.0 1000 120
rectangle +x 1750.0 -3300.0 13225.0 1000 120
rectangle +x 1750.0 -2700.0 13225.0 1000 120
rectangle +x 1750.0 -2100.0 13225.0 1000 120
rectangle +x 1750.0 -1500.0 13225.0 1000 120
rectangle +x 1750.0 -900.0 13225.0 1000 120
rectangle +x 1750.0 -300.0 13225.0 1000 120
rectangle +x 1750.0 300.0 13225.0 1000 120
rectangle +x 1750.0 900.0 13225.0 1000 120
rectangle +x 1750.0 1500.0 13225.0 1000 120
rectangle +x 1750.0 2100.0 13225.0 1000 120
rectangle +x 1750.0 2700.0 13225.0 1000 120
rectangle +x 1750.0 3300.0 13225.0 1000 120
rectangle +x 1750.0 3900.0 13225.0 1000 120
rectangle +x 1750.0 4500.0 13225.0 1000 120
rectangle +x 1750.0 5100.0 13225.0 1000 120
rectangle +x 1750.0 5700.0 13225.0 1000 120
rectangle +x 1750.0 -5700.0 14375.0 1000 120
rectangle +x 1750.0 -5100.0 14375.0 1000 120
rectangle +x 1750.0 -4500.0 14375.0 1000 120
rectangle +x 1750.0 -3900.0 14375.0 1000 120
rectangle +x 1750.0 -3300.0 14375.0 1000 120
rectangle +x 1750.0 -2700.0 14375.0 1000 120
rectangle +x 1750.0 -2100.0 14375.0 1000 120
rectangle +x 1750.0 -1500.0 14375.0 1000 120
rectangle +x 1750.0 -900.0 14375.0 1000 120
rectangle +x 1750.0 -300.0 14375.0 1000 120
rectangle +x 1750.0 300.0 14375.0 1000 120
rectangle +x 1750.0 900.0 14375.0 1000 120
rectangle +x 1750.0 1500.0 14375.0 1000 120
rectangle +x 1750.0 2100.0 14375.0 1000 120
rectangle +x 1750.0 2700.0 14375.0 1000 120
rectangle +x 1750.0 3300.0 14375.0 1000 120
rectangle +x 1750.0 3900.0 14375.0 1000 120
rectangle +x 1750.0 4500.0 14375.0 1000 120
rectangle +x 1750.0 5100.0 14375.0 1000 120
rectangle +x 1750.0 5700.0 14375.0 1000 120
rectangle +x 1750.0 -5700.0 15525.0 1000 120
rectangle +x 1750.0 -5100.0 15525.0 1000 120
rectangle +x 1750.0 -4500.0 15525.0 1000 120
rectangle +x 1750.0 -3900.0 15525.0 1000 120
rectangle +x 1750.0 -3300.0 15525.0 1000 120
rectangle +x 1750.0 -2700.0 15525.0 1000 120
rectangle +x 1750.0 -2100.0 15525.0 1000 120
rectangle +x 1750.0 -1500.0 15525.0 1000 120
rectangle +x 1750.0 -900.0 15525.0 1000 120
rectangle +x 1750.0 -300.0 15525.0 1000 120
rectangle +x 1750.0 300.0 15525.0 1000 120
rectangle +x 1750.0 900.0 15525.0 1000 120
rectangle +x 1750.0 1500.0 15525.0 1000 120
rectangle +x 1750.0 2100.0 15525.0 1000 120
rectangle +x 1750.0 2700.0 15525.0 1000 120
rectangle +x 1750.0 3300.0 15525.0 1000 120
rectangle +x 1750.0 3900.0 15525.0 1000 120
rectangle +x 1750.0 4500.0 15525.0 1000 120
rectangle +x 1750.0 5100.0 15525.0 1000 120
rectangle +x 1750.0 5700.0 15525.0 1000 120
rectangle +x 1750.0 -5700.0 16675.0 1000 120
rectangle +x 1750.0 -5100.0 16675.0 1000 120
rectangle +x 1750.0 -4500.0 16675.0 1000 120
rectangle +x 1750.0 -3900.0 16675.0 1000 120
rectangle +x 1750.0 -3300.0 16675.0 1000 120
rectangle +x 1750.0 -2700.0 16675.0 1000 120
rectangle +x 1750.0 -2100.0 16675.0 1000 120
rectangle +x 1750.0 -1500.0 16675.0 1000 120
rectangle +x 1750.0 -900.0 16675.0 1000 120
rectangle +x 1750.0 -300.0 16675.0 1000 120
rectangle +x 1750.0 300.0 16675.0 1000 120
rectangle +x 1750.0 900.0 16675.0 1000 120
rectangle +x 1750.0 1500.0 16675.0 1000 120
rectangle +x 1750.0 2100.0 16675.0 1000 120
rectangle +x 1750.0 2700.0 16675.0 1000 120
rectangle +x 1750.0 3300.0 16675.0 1000 120
rectangle +x 1750.0 3900.0 16675.0 1000 120
rectangle +x 1750.0 4500.0 16675.0 1000 120
rectangle +x 1750.0 5100.0 16675.0 1000 120
rectangle +x 1750.0 5700.0 16675.0 1000 120
rectangle +x 1750.0 -5700.0 17825.0 1000 120
rectangle +x 1750.0 -5100.0 17825.0 1000 120
rectangle +x 1750.0 -4500.0 17825.0 1000 120
rectangle +x 1750.0 -3900.0 17825.0 1000 120
rectangle +x 1750.0 -3300.0 17825.0 1000 120
rectangle +x 1750.0 -2700.0 17825.0 1000 120
rectangle +x 1750.0 -2100.0 17825.0 1000 120
rectangle +x 1750.0 -1500.0 17825.0 1000 120
rectangle +x 1750.0 -900.0 17825.0 1000 120
rectangle +x 1750.0 -300.0 17825.0 1000 120
rectangle +x 1750.0 300.0 17825.0 1000 120
rectangle +x 1750.0 900.0 17825.0 1000 120
rectangle +x 1750.0 1500.0 17825.0 1000 120
rectangle +x 1750.0 2100.0 17825.0 1000 120
rectangle +x 1750.0 2700.0 17825.0 1000 120
rectangle +x 1750.0 3300.0 17825.0 1000 120
rectangle +x 1750.0 3900.0 17825.0 1000 120
rectangle +x 1750.0 4500.0 17825.0 1000 120
rectangle +x 1750.0 5100.0 17825.0 1000 120
rectangle +x 1750.0 5700.0 17825.0 1000 120
rectangle +x 1750.0 -5700.0 18975.0 1000 120
rectangle +x 1750.0 -5100.0 18975.0 1000 120
rectangle +x 1750.0 -4500.0 18975.0 1000 120
rectangle +x 1750.0 -3900.0 18975.0 1000 120
rectangle +x 1750.0 -3300.0 18975.0 1000 120
rectangle +x 1750.0 -2700.0 18975.0 1000 120
rectangle +x 1750.0 -2100.0 18975.0 1000 120
rectangle +x 1750.0 -1500.0 18975.0 1000 120
rectangle +x 1750.0 -900.0 18975.0 1000 120
rectangle +x 1750.0 -300.0 18975.0 1000 120
rectangle +x 1750.0 300.0 18975.0 1000 120
rectangle +x 1750.0 900.0 18975.0 1000 120
rectangle +x 1750.0 1500.0 18975.0 1000 120
rectangle +x 1750.0 2100.0 18975.0 1000 120
rectangle +x 1750.0 2700.0 18975.0 1000 120
rectangle +x 1750.0 3300.0 18975.0 1000 120
rectangle +x 1750.0 3900.0 18975.0 1000 120
rectangle +x 1750.0 4500.0 18975.0 1000 120
rectangle +x 1750.0 5100.0 18975.0 1000 120
rectangle +x 1750.0 5700.0 18975.0 1000 120
rectangle +x 1750.0 -5700.0 20125.0 1000 120
rectangle +x 1750.0 -5100.0 20125.0 1000 120
rectangle +x 1750.0 -4500.0 20125.0 1000 120
rectangle +x 1750.0 -3900.0 20125.0 1000 120
rectangle +x 1750.0 -3300.0 20125.0 1000 120
rectangle +x 1750.0 -2700.0 20125.0 1000 120
rectangle +x 1750.0 -2100.0 20125.0 1000 120
rectangle +x 1750.0 -1500.0 20125.0 1000 120
rectangle +x 1750.0 -900.0 20125.0 1000 120
rectangle +x 1750.0 -300.0 20125.0 1000 120
rectangle +x 1750.0 300.0 20125.0 1000 120
rectangle +x 1750.0 900.0 20125.0 1000 120
rectangle +x 1750.0 1500.0 20125.0 1000 120
rectangle +x 1750.0 2100.0 20125.0 1000 120
rectangle +x 1750.0 2700.0 20125.0 1000 120
rectangle +x 1750.0 3300.0 20125.0 1000 120
rectangle +x 1750.0 3900.0 20125.0 1000 120
rectangle +x 1750.0 4500.0 20125.0 1000 120
rectangle +x 1750.0 5100.0 20125.0 1000 120
rectangle +x 1750.0 5700.0 20125.0 1000 120
rectangle +x 1750.0 -5700.0 21275.0 1000 120
rectangle +x 1750.0 -5100.0 21275.0 1000 120
rectangle +x 1750.0 -4500.0 21275.0 1000 120
rectangle +x 1750.0 -3900.0 21275.0 1000 120
rectangle +x 1750.0 -3300.0 21275.0 1000 120
rectangle +x 1750.0 -2700.0 21275.0 1000 120
rectangle +x 1750.0 -2100.0 21275.0 1000 120
rectangle +x 1750.0 -1500.0 21275.0 1000 120
rectangle +x 1750.0 -900.0 21275.0 1000 120
rectangle +x 1750.0 -300.0 21275.0 1000 120
rectangle +x 1750.0 300.0 21275.0 1000 120
rectangle +x 1750.0 900.0 21275.0 1000 120
rectangle +x 1750.0 1500.0 21275.0 1000 120
rectangle +x 1750.0 2100.0 21275.0 1000 120
rectangle +x 1750.0 2700.0 21275.0 1000 120
rectangle +x 1750.0 3300.0 21275.0 1000 120
rectangle +x 1750.0 3900.0 21275.0 1000 120
rectangle +x 1750.0 4500.0 21275.0 1000 120
rectangle +x 1750.0 5100.0 21275.0 1000 120
rectangle +x 1750.0 5700.0 21275.0 1000 120
rectangle +x 1750.0 -5700.0 22425.0 1000 120
rectangle +x 1750.0 -5100.0 22425.0 1000 120
rectangle +x 1750.0 -4500.0 22425.0 1000 120
rectangle +x 1750.0 -3900.0 22425.0 1000 120
rectangle +x 1750.0 -3300.0 22425.0 1000 120
rectangle +x 1750.0 -2700.0 22425.0 1000 120
rectangle +x 1750.0 -2100.0 22425.0 1000 120
rectangle +x 1750.0 -1500.0 22425.0 1000 120
rectangle +x 1750.0 -900.0 22425.0 1000 120
rectangle +x 1750.0 -300.0 22425.0 1000 120
rectangle +x 1750.0 300.0 22425.0 1000 120
rectangle +x 1750.0 900.0 22425.0 1000 120
rectangle +x 1750.0 1500.0 22425.0 1000 120
rectangle +x 1750.0 2100.0 22425.0 1000 120
rectangle +x 1750.0 2700.0 22425.0 1000 120
rectangle +x 1750.0 3300.0 22425.0 1000 120
rectangle +x 1750.0 3900.0 22425.0 1000 120
rectangle +x 1750.0 4500.0 22425.0 1000 120
rectangle +x 1750.0 5100.0 22425.0 1000 120
rectangle +x 1750.0 5700.0 22425.0 1000 120
rectangle +x 1750.0 -5700.0 23575.0 1000 120
rectangle +x 1750.0 -5100.0 23575.0 1000 120
rectangle +x 1750.0 -4500.0 23575.0 1000 120
rectangle +x 1750.0 -3900.0 23575.0 1000 120
rectangle +x 1750.0 -3300.0 23575.0 1000 120
rectangle +x 1750.0 -2700.0 23575.0 1000 120
rectangle +x 1750.0 -2100.0 23575.0 1000 120
rectangle +x 1750.0 -1500.0 23575.0 1000 120
rectangle +x 1750.0 -900.0 23575.0 1000 120
rectangle +x 1750.0 -300.0 23575.0 1000 120
rectangle +x 1750.0 300.0 23575.0 1000 120
rectangle +x 1750.0 900.0 23575.0 1000 120
rectangle +x 1750.0 1500.0 23575.0 1000 120
rectangle +x 1750.0 2100.0 23575.0 1000 120
rectangle +x 1750.0 2700.0 23575.0 1000 120
rectangle +x 1750.0 3300.0 23575.0 1000 120
rectangle +x 1750.0 3900.0 23575.0 1000 120
rectangle +x 1750.0 4500.0 23575.0 1000 120
rectangle +x 1750.0 5100.0 23575.0 1000 120
rectangle +x 1750.0 5700.0 23575.0 1000 120
rectangle +x 1750.0 -5700.0 24725.0 1000 120
rectangle +x 1750.0 -5100.0 24725.0 1000 120
rectangle +x 1750.0 -4500.0 24725.0 1000 120
rectangle +x 1750.0 -3900.0 24725.0 1000 120
rectangle +x 1750.0 -3300.0 24725.0 1000 120
rectangle +x 1750.0 -2700.0 24725.0 1000 120
rectangle +x 1750.0 -2100.0 24725.0 1000 120
rectangle +x 1750.0 -1500.0 24725.0 1000 120
rectangle +x 1750.0 -900.0 24725.0 1000 120
rectangle +x 1750.0 -300.0 24725.0 1000 120
rectangle +x 1750.0 300.0 24725.0 1000 120
rectangle +x 1750.0 900.0 24725.0 1000 120
rectangle +x 1750.0 1500.0 24725.0 1000 120
rectangle +x 1750.0 2100.0 24725.0 1000 120
rectangle +x 1750.0 2700.0 24725.0 1000 120
rectangle +x 1750.0 3300.0 24725.0 1000 120
rectangle +x 1750.0 3900.0 24725.0 1000 120
rectangle +x 1750.0 4500.0 24725.0 1000 120
rectangle +x 1750.0 5100.0 24725.0 1000 120
rectangle +x 1750.0 5700.0 24725.0 1000 120
rectangle +x 1750.0 -5700.0 25875.0 1000 120
rectangle +x 1750.0 -5100.0 25875.0 1000 120
rectangle +x 1750.0 -4500.0 25875.0 1000 120
rectangle +x 1750.0 -3900.0 25875.0 1000 120
rectangle +x 1750.0 -3300.0 25875.0 1000 120
rectangle +x 1750.0 -2700.0 25875.0 1000 120
rectangle +x 1750.0 -2100.0 25875.0 1000 120
rectangle +x 1750.0 -1500.0 25875.0 1000 120
rectangle +x 1750.0 -900.0 25875.0 1000 120
rectangle +x 1750.0 -300.0 25875.0 1000 120
rectangle +x 1750.0 300.0 25875.0 1000 120
rectangle +x 1750.0 900.0 25875.0 1000 120
rectangle +x 1750.0 1500.0 25875.0 1000 120
rectangle +x 1750.0 2100.0 25875.0 1000 120
rectangle +x 1750.0 2700.0 25875.0 1000 120
rectangle +x 1750.0 3300.0 25875.0 1000 120
rectangle +x 1750.0 3900.0 25875.0 1000 120
rectangle +x 1750.0 4500.0 25875.0 1000 120
rectangle +x 1750.0 5100.0 25875.0 1000 120
rectangle +x 1750.0 5700.0 25875.0 1000 120
rectangle +x 1750.0 -5700.0 27025.0 1000 120
rectangle +x 1750.0 -5100.0 27025.0 1000 120
rectangle +x 1750.0 -4500.0 27025.0 1000 120
rectangle +x 1750.0 -3900.0 27025.0 1000 120
rectangle +x 1750.0 -3300.0 27025.0 1000 120
rectangle +x 1750.0 -2700.0 27025.0 1000 120
rectangle +x 1750.0 -2100.0 27025.0 1000 120
rectangle +x 1750.0 -1500.0 27025.0 1000 120
rectangle +x 1750.0 -900.0 27025.0 1000 120
rectangle +x 1750.0 -300.0 27025.0 1000 120
rectangle +x 1750.0 300.0 27025.0 1000 120
rectangle +x 1750.0 900.0 27025.0 1000 120
rectangle +x 1750.0 1500.0 27025.0 1000 120
rectangle +x 1750.0 2100.0 27025.0 1000 120
rectangle +x 1750.0 2700.0 27025.0 1000 120
rectangle +x 1750.0 3300.0 27025.0 1000 120
rectangle +x 1750.0 3900.0 27025.0 1000 120
rectangle +x 1750.0 4500.0 27025.0 1000 120
rectangle +x 1750.0 5100.0 27025.0 1000 120
rectangle +x 1750.0 5700.0 27025.0 1000 120
rectangle +x 1750.0 -5700.0 28175.0 1000 120
rectangle +x 1750.0 -5100.0 28175.0 1000 120
rectangle +x 1750.0 -4500.0 28175.0 1000 120
rectangle +x 1750.0 -3900.0 28175.0 1000 120
rectangle +x 1750.0 -3300.0 28175.0 1000 120
rectangle +x 1750.0 -2700.0 28175.0 1000 120
rectangle +x 1750.0 -2100.0 28175.0 1000 120
rectangle +x 1750.0 -1500.0 28175.0 1000 120
rectangle +x 1750.0 -900.0 28175.0 1000 120
rectangle +x 1750.0 -300.0 28175.0 1000 120
rectangle +x 1750.0 300.0 28175.0 1000 120
rectangle +x 1750.0 900.0 28175.0 1000 120
rectangle +x 1750.0 1500.0 28175.0 1000 120
rectangle +x 1750.0 2100.0 28175.0 1000 120
rectangle +x 1750.0 2700.0 28175.0 1000 120
rectangle +x 1750.0 3300.0 28175.0 1000 120
rectangle +x 1750.0 3900.0 28175.0 1000 120
rectangle +x 1750.0 4500.0 28175.0 1000 120
rectangle +x 1750.0 5100.0 28175.0 1000 120
rectangle +x 1750.0 5700.0 28175.0 1000 120
